
====================================================================================================
SUMMARY STATISTICS: 27 TRIPLE-SORT PORTFOLIOS
Period: In-Sample
Window: 21 days
====================================================================================================

      Portfolio Mean (Annualized %) Volatility (Annualized %) Variance (Annualized) Max Drawdown (%) CAGR (%) Sharpe Ratio Calmar Ratio Min Return (%) Max Return (%) Skewness Kurtosis Total Return (%)
MKT1_VOL1_SKEW1             21.9242                    4.5731              0.002091         -46.2885  24.4003       4.7942       0.5271        -1.5987         1.6509  -0.2095   4.0108        3864.8387
MKT1_VOL1_SKEW2             15.3830                    3.3897              0.001149         -45.0876  16.9555       4.5382       0.3761        -1.3119         1.8552  -0.8791   6.8299        1226.4477
MKT1_VOL1_SKEW3             19.4992                    4.3141              0.001861         -47.1588  21.5409       4.5199       0.4568        -1.4529         3.2837   0.4430  11.1344        2539.4875
MKT1_VOL2_SKEW1             16.2728                    4.0297              0.001624         -43.7732  17.9004       4.0382       0.4089        -1.5394         4.0970   3.0659  55.4291        1435.1544
MKT1_VOL2_SKEW2             14.4740                    2.8420              0.000808         -39.5476  16.0008       5.0929       0.4046        -1.1847         2.1947  -0.3712  14.7404        1041.2284
MKT1_VOL2_SKEW3             13.4766                    3.3105              0.001096         -48.6201  14.9409       4.0708       0.3073        -1.5843         0.9221  -1.1003   5.8637         862.2017
MKT1_VOL3_SKEW1             21.5491                    5.2367              0.002742         -49.0550  23.9114       4.1150       0.4874        -1.3584         4.5733   3.2298  40.9682        3602.1135
MKT1_VOL3_SKEW2             16.1865                    4.2173              0.001779         -45.2780  17.7972       3.8382       0.3931        -1.4644         4.0749   3.2460  52.7738        1411.0316
MKT1_VOL3_SKEW3             22.5179                    4.9697              0.002470         -47.3295  25.0962       4.5310       0.5302        -1.6144         3.6496   0.7571  12.2360        4268.4462
MKT2_VOL1_SKEW1             15.3350                    4.8849              0.002386         -54.2510  16.8368       3.1393       0.3103        -2.1744         1.3181  -1.0526   5.8178        1202.0787
MKT2_VOL1_SKEW2             13.4071                    4.0930              0.001675         -50.8898  14.8390       3.2756       0.2916        -2.1707         1.3424  -1.4335   7.6686         846.3343
MKT2_VOL1_SKEW3             14.7183                    4.6025              0.002118         -58.7317  16.1905       3.1979       0.2757        -2.1265         1.5768  -0.9239   6.4637        1076.1255
MKT2_VOL2_SKEW1             12.8137                    4.1603              0.001731         -47.8888  14.2284       3.0800       0.2971        -1.8590         1.3594  -1.0162   6.1956         755.8300
MKT2_VOL2_SKEW2             11.5963                    3.7563              0.001411         -48.4318  13.0272       3.0872       0.2690        -1.9579         1.2978  -1.4848   8.7631         598.8601
MKT2_VOL2_SKEW3             11.2526                    3.9391              0.001552         -50.4777  12.6843       2.8567       0.2513        -1.7707         1.3555  -1.1151   6.6107         558.7192
MKT2_VOL3_SKEW1             16.2207                    4.7188              0.002227         -45.8712  17.8096       3.4375       0.3883        -2.0337         2.3346  -0.3422   5.5557        1413.9058
MKT2_VOL3_SKEW2             13.2969                    4.1251              0.001702         -46.5953  14.7242       3.2234       0.3160        -2.1052         1.5934  -0.9499   6.5678         828.7239
MKT2_VOL3_SKEW3             15.3209                    4.7185              0.002226         -54.5940  16.8304       3.2470       0.3083        -1.7654         3.6106   0.0238   9.7083        1200.7792
MKT3_VOL1_SKEW1             18.3832                    6.5144              0.004244         -51.2328  20.1177       2.8219       0.3927        -2.8978         2.0426  -0.4969   4.7479        2043.1956
MKT3_VOL1_SKEW2             16.0560                    5.6239              0.003163         -55.2460  17.5775       2.8550       0.3182        -2.4148         1.7270  -0.8476   5.4587        1360.7984
MKT3_VOL1_SKEW3             17.3768                    6.1799              0.003819         -55.1219  19.0040       2.8118       0.3448        -2.2847         4.3210  -0.0492   6.6518        1715.2355
MKT3_VOL2_SKEW1             12.5383                    5.7524              0.003309         -51.9550  13.8700       2.1797       0.2670        -2.3130         1.9624  -0.5390   4.3875         706.1903
MKT3_VOL2_SKEW2             12.5671                    5.0888              0.002590         -52.1658  13.9352       2.4696       0.2671        -2.7618         1.9293  -0.7957   6.4210         715.0408
MKT3_VOL2_SKEW3             11.6771                    5.6427              0.003184         -63.1305  13.0194       2.0694       0.2062        -2.2825         1.8606  -0.7266   4.1559         597.9301
MKT3_VOL3_SKEW1             18.3945                    6.8033              0.004629         -49.2636  20.1092       2.7037       0.4082        -2.1665         3.0083   0.4051   4.7083        2040.5068
MKT3_VOL3_SKEW2             12.6616                    5.6244              0.003163         -56.5209  14.0017       2.2512       0.2477        -1.9691         2.3161  -0.4005   3.5826         724.1455
MKT3_VOL3_SKEW3             20.1154                    7.8144              0.006107         -61.8220  22.0166       2.5741       0.3561        -2.0362         7.9592   3.6534  50.9686        2727.2422

====================================================================================================
Generated on: 2025-11-29 01:18:25
====================================================================================================
