
====================================================================================================
SUMMARY STATISTICS: 27 TRIPLE-SORT PORTFOLIOS
Period: Full_Sample
Window: 21 days
====================================================================================================

      Portfolio Mean (Annualized %) Volatility (Annualized %) Variance (Annualized) Max Drawdown (%) CAGR (%) Sharpe Ratio Calmar Ratio Min Return (%) Max Return (%) Skewness Kurtosis Total Return (%)
MKT1_VOL1_SKEW1             20.0493                    4.4467              0.001977         -44.7716  21.7387       4.5088       0.4855        -1.9258         1.9030  -0.4928   4.8716       12348.6167
MKT1_VOL1_SKEW2             13.9361                    3.6123              0.001305         -45.2826  14.6578       3.8580       0.3237        -2.0477         1.6791  -1.5731  11.0114        2763.0921
MKT1_VOL1_SKEW3             17.6232                    4.4451              0.001976         -43.0170  18.8614       3.9646       0.4385        -2.1559         3.9135   0.0917  13.9975        6825.3782
MKT1_VOL2_SKEW1             15.2771                    4.0371              0.001630         -43.8907  16.1719       3.7842       0.3685        -2.2812         3.9093   1.6348  42.1339        3844.3070
MKT1_VOL2_SKEW2             13.8935                    3.1073              0.000966         -41.4673  14.6408       4.4712       0.3531        -2.1611         2.1104  -1.7859  19.3584        2745.4059
MKT1_VOL2_SKEW3             13.0184                    3.5044              0.001228         -48.9298  13.6384       3.7149       0.2787        -2.0432         0.9293  -1.7363  11.2970        2195.5028
MKT1_VOL3_SKEW1             21.4503                    5.2083              0.002713         -46.9080  23.4100       4.1185       0.4991        -1.9939         6.0309   2.7255  37.5306       17214.9359
MKT1_VOL3_SKEW2             15.5996                    4.1620              0.001732         -46.0065  16.5390       3.7481       0.3595        -2.1087         3.9781   1.5237  40.6827        4158.7842
MKT1_VOL3_SKEW3             19.3799                    4.7681              0.002273         -48.1252  20.9310       4.0645       0.4349        -2.1495         5.9456   1.7295  40.2548       10452.2553
MKT2_VOL1_SKEW1             15.4431                    4.9730              0.002473         -53.8322  16.3074       3.1054       0.3029        -2.4424         2.8317  -0.7942   8.4823        3963.7803
MKT2_VOL1_SKEW2             12.7235                    4.3472              0.001890         -51.1260  13.2519       2.9268       0.2592        -2.4439         1.3076  -1.6903  10.0483        2020.3972
MKT2_VOL1_SKEW3             13.5870                    4.7998              0.002304         -57.1922  14.1749       2.8308       0.2478        -2.5398         1.5790  -1.3091   8.9097        2499.6599
MKT2_VOL2_SKEW1             12.6224                    4.3193              0.001866         -48.0168  13.1515       2.9223       0.2739        -2.2085         1.3344  -1.2974   7.9147        1969.8705
MKT2_VOL2_SKEW2             11.6105                    3.9553              0.001564         -48.1436  12.0480       2.9355       0.2503        -2.2711         1.2837  -1.6492   9.9031        1526.5396
MKT2_VOL2_SKEW3             11.2016                    4.2259              0.001786         -51.1348  11.5808       2.6507       0.2265        -2.4813         1.3091  -1.6535  10.8117        1369.4695
MKT2_VOL3_SKEW1             15.1057                    4.8670              0.002369         -44.5450  15.9433       3.1037       0.3579        -2.1270         2.1359  -0.5749   5.6885        3650.2611
MKT2_VOL3_SKEW2             12.5585                    4.3747              0.001914         -46.3076  13.0799       2.8707       0.2825        -2.5448         1.5786  -1.3795   9.5208        1936.9179
MKT2_VOL3_SKEW3             14.7485                    4.7400              0.002247         -54.1155  15.5283       3.1115       0.2869        -2.2535         3.5533  -0.7063  10.8247        3344.9893
MKT3_VOL1_SKEW1             19.2077                    6.6323              0.004399         -51.9212  20.5688       2.8961       0.3962        -2.8745         6.7733   0.1986  15.6449        9764.8350
MKT3_VOL1_SKEW2             14.8424                    5.8030              0.003367         -55.8277  15.5575       2.5577       0.2787        -2.5846         1.9576  -0.9292   6.1233        3376.5234
MKT3_VOL1_SKEW3             15.3833                    6.3708              0.004059         -57.0810  16.0902       2.4147       0.2819        -3.3147         4.1494  -0.5571   7.8060        3829.3098
MKT3_VOL2_SKEW1             13.3259                    5.8056              0.003370         -51.6727  13.8435       2.2954       0.2679        -2.4289         2.2250  -0.6512   5.0555        2309.3745
MKT3_VOL2_SKEW2             12.9602                    5.3068              0.002816         -52.4048  13.4601       2.4422       0.2568        -2.8140         1.8691  -1.0722   7.5456        2120.3129
MKT3_VOL2_SKEW3             11.7433                    5.7207              0.003273         -63.0562  12.0669       2.0528       0.1914        -2.6176         1.8604  -0.9526   5.6699        1545.2115
MKT3_VOL3_SKEW1             18.2205                    6.6444              0.004415         -42.7351  19.4085       2.7422       0.4542        -2.5162         4.0583   0.2676   6.6025        7669.1416
MKT3_VOL3_SKEW2             12.6054                    5.7440              0.003299         -54.4012  13.0271       2.1945       0.2395        -2.6469         2.2922  -0.6634   4.7820        1925.9268
MKT3_VOL3_SKEW3             17.8229                    7.1888              0.005168         -61.4237  18.8872       2.4793       0.3075        -2.4377         7.2230   2.2867  36.9291        6895.9097

====================================================================================================
Generated on: 2025-11-29 02:14:45
====================================================================================================
