
====================================================================================================
SUMMARY STATISTICS: 27 TRIPLE-SORT PORTFOLIOS
Period: Out-of-Sample
Window: 21 days
====================================================================================================

      Portfolio Mean (Annualized %) Volatility (Annualized %) Variance (Annualized) Max Drawdown (%) CAGR (%) Sharpe Ratio Calmar Ratio Min Return (%) Max Return (%) Skewness Kurtosis Total Return (%)
MKT1_VOL1_SKEW1             19.2798                    5.9585              0.003550         -29.0028  24.1745       3.2357       0.8335        -2.1617         4.4333   0.6863  14.5334         292.0581
MKT1_VOL1_SKEW2             11.0514                    4.5839              0.002101         -29.8060  17.0628       2.4109       0.5725        -2.2198         1.0190  -1.9395  12.8858         118.8008
MKT1_VOL1_SKEW3             34.3043                   13.9150              0.019363         -29.9742  39.9762       2.4653       1.3337        -2.1799        12.4006   8.9653  99.6006         988.1251
MKT1_VOL2_SKEW1             10.7091                    4.4775              0.002005         -29.9178  16.8007       2.3917       0.5616        -2.2929         1.0009  -1.9368  13.7069         113.5839
MKT1_VOL2_SKEW2              9.3337                    3.8753              0.001502         -28.8071  15.7775       2.4085       0.5477        -2.3410         0.9077  -3.1010  23.1003          93.9222
MKT1_VOL2_SKEW3             13.4830                    4.6252              0.002139         -29.8321  19.0267       2.9151       0.6378        -2.1507         1.0920  -1.5749  11.2059         160.3232
MKT1_VOL3_SKEW1             22.8542                    6.8093              0.004637         -28.9751  27.6897       3.3563       0.9556        -2.1778         4.1123   1.8246  14.9607         404.2787
MKT1_VOL3_SKEW2             13.5697                    4.5790              0.002097         -29.6241  19.1010       2.9635       0.6448        -2.2774         1.4516  -1.7175  13.2319         161.9816
MKT1_VOL3_SKEW3             24.0077                    5.9714              0.003566         -23.6436  28.9533       4.0204       1.2246        -1.9961         3.7880   1.4619  13.1407         449.6960
MKT2_VOL1_SKEW1             16.3776                    5.7664              0.003325         -31.7633  21.4854       2.8402       0.6764        -2.6193         1.7349  -0.9322   7.7409         218.8327
MKT2_VOL1_SKEW2             11.1245                    5.1324              0.002634         -32.4471  17.0991       2.1675       0.5270        -2.4221         1.1429  -1.8162  11.2984         119.5285
MKT2_VOL1_SKEW3             11.7230                    5.9818              0.003578         -36.6335  17.5334       1.9598       0.4786        -2.6694         1.8741  -1.5445   9.9469         128.3536
MKT2_VOL2_SKEW1             10.1776                    4.9314              0.002432         -31.4799  16.3767       2.0639       0.5202        -2.3472         1.0421  -1.6834   9.5966         105.3035
MKT2_VOL2_SKEW2              9.2139                    4.7546              0.002261         -32.0548  15.6607       1.9379       0.4886        -2.4180         0.9941  -2.0553  12.2553          91.7463
MKT2_VOL2_SKEW3              8.6493                    5.2595              0.002766         -33.8935  15.2288       1.6445       0.4493        -2.5169         1.0493  -1.8676  10.9077          83.8233
MKT2_VOL3_SKEW1              9.2910                    5.6335              0.003174         -35.1109  15.6841       1.6492       0.4467        -2.1768         2.1620  -0.8395   5.7273          92.1811
MKT2_VOL3_SKEW2              8.3189                    5.2013              0.002705         -34.8173  14.9926       1.5994       0.4306        -2.6113         1.3319  -1.7729  10.7012          79.5703
MKT2_VOL3_SKEW3             11.3095                    5.8806              0.003458         -36.1643  17.2117       1.9232       0.4759        -2.4133         1.7015  -1.2706   8.6260         121.7966
MKT3_VOL1_SKEW1             32.3349                   12.1061              0.014656         -35.6452  37.8182       2.6709       1.0610        -2.6519        10.2394   7.1704  88.2483         859.7526
MKT3_VOL1_SKEW2             15.8494                    6.9342              0.004808         -36.6667  20.9480       2.2857       0.5713        -2.8333         2.3271  -0.8956   6.3898         205.3884
MKT3_VOL1_SKEW3             17.8258                    8.3021              0.006892         -40.6350  22.6442       2.1471       0.5573        -3.4412         5.7609  -0.1767  12.8791         249.1428
MKT3_VOL2_SKEW1             12.6585                    6.4921              0.004215         -36.4894  18.2607       1.9498       0.5004        -2.4630         1.9060  -0.8009   4.6418         143.6031
MKT3_VOL2_SKEW2             11.5189                    6.1846              0.003825         -36.1402  17.3620       1.8625       0.4804        -2.7642         1.3125  -1.3681   7.8799         124.8462
MKT3_VOL2_SKEW3              9.8848                    6.9692              0.004857         -38.8897  16.0636       1.4184       0.4131        -2.7974         1.6865  -1.1172   5.6398          99.3087
MKT3_VOL3_SKEW1             12.6423                    7.4057              0.005484         -37.0331  18.1960       1.7071       0.4913        -2.5968         2.3480  -0.3237   3.5070         142.2224
MKT3_VOL3_SKEW2             10.9590                    6.7024              0.004492         -36.8647  16.8978       1.6351       0.4584        -2.7502         1.5788  -0.9903   5.0914         115.5073
MKT3_VOL3_SKEW3             12.0170                    8.5052              0.007234         -43.1318  17.6255       1.4129       0.4086        -2.5558         8.1249   3.0384  51.9830         130.2520

====================================================================================================
Generated on: 2025-11-29 01:26:13
====================================================================================================
